Camera
Perspective
45 1.3333 0.1 100
Transform
0.6858805 -0.3173701 0.6548619 7.481132 0.7276338 0.3124686 -0.6106656 -6.50764 -0.01081678 0.8953432 0.4452454 5.343665 0 0 0 1
Lamp
Transform
-0.2908646 -0.7711008 0.5663932 4.076245 0.9551712 -0.1998834 0.2183912 1.005454 -0.05518906 0.6045247 0.7946723 5.903862 0 0 0 1
Objects
2
Object
Vertices
342
-0.3826835 0 0.9238795 -0.7071068 0 0.7071068 -0.9238795 0 0.3826834 -1 0 0 -0.9238795 0 -0.3826835 -0.7071068 0 -0.7071068 -0.3826835 0 -0.9238795 -1.50996e-7 0 -1 -0.3535534 0.1464465 0.9238795 -0.6532815 0.270598 0.7071068 -0.8535534 0.3535534 0.3826834 -0.9238795 0.3826834 0 -0.8535534 0.3535534 -0.3826835 -0.6532815 0.270598 -0.7071068 -0.3535534 0.1464465 -0.9238795 -0.2705981 0.2705979 0.9238795 -0.5 0.4999999 0.7071068 -0.6532815 0.6532814 0.3826834 -0.7071068 0.7071067 0 -0.6532815 0.6532814 -0.3826835 -0.5 0.4999999 -0.7071068 -0.2705981 0.270598 -0.9238795 -0.1464467 0.3535532 0.9238795 -0.2705981 0.6532813 0.7071068 -0.3535534 0.8535532 0.3826834 -0.3826834 0.9238794 0 -0.3535534 0.8535532 -0.3826835 -0.2705981 0.6532813 -0.7071068 -0.1464466 0.3535533 -0.9238795 -1.30703e-7 0.3826833 0.9238795 0 0.7071065 0.7071068 0 0.9238793 0.3826834 0 0.9999998 0 0 0.9238793 -0.3826835 0 0.7071065 -0.7071068 0 0.3826833 -0.9238795 -2.08779e-7 -1.39502e-7 1 0.1464464 0.3535532 0.9238795 0.2705979 0.6532812 0.7071068 0.3535533 0.8535531 0.3826834 0.3826833 0.9238792 0 0.3535533 0.8535531 -0.3826835 0.2705979 0.6532812 -0.7071068 0.1464465 0.3535532 -0.9238795 0.2705978 0.2705979 0.9238795 0.4999998 0.4999997 0.7071068 0.6532813 0.6532812 0.3826834 0.7071066 0.7071064 0 0.6532813 0.6532812 -0.3826835 0.4999998 0.4999997 -0.7071068 0.2705979 0.2705978 -0.9238795 0.3535531 0.1464465 0.9238795 0.6532812 0.2705977 0.7071068 0.8535531 0.3535531 0.3826834 0.9238792 0.382683 0 0.8535531 0.3535531 -0.3826835 0.6532812 0.2705977 -0.7071068 0.3535531 0.1464464 -0.9238795 0.3826831 0 0.9238795 0.7071064 -2.664e-7 0.7071068 0.9238792 -2.96202e-7 0.3826834 0.9999995 -3.26005e-7 0 0.9238792 -2.96202e-7 -0.3826835 0.7071064 -2.664e-7 -0.7071068 0.3826831 -1.62092e-7 -0.9238795 0.3535531 -0.1464466 0.9238795 0.653281 -0.2705982 0.7071068 0.8535529 -0.3535536 0.3826834 0.923879 -0.3826836 0 0.8535529 -0.3535536 -0.3826835 0.653281 -0.2705982 -0.7071068 0.353553 -0.1464467 -0.9238795 0.2705977 -0.270598 0.9238795 0.4999994 -0.5 0.7071068 0.6532809 -0.6532815 0.3826834 0.7071061 -0.7071068 0 0.6532809 -0.6532815 -0.3826835 0.4999994 -0.5 -0.7071068 0.2705976 -0.2705981 -0.9238795 0.1464463 -0.3535532 0.9238795 0.2705975 -0.6532813 0.7071068 0.3535528 -0.8535532 0.3826834 0.3826828 -0.9238794 0 0.3535528 -0.8535532 -0.3826835 0.2705975 -0.6532813 -0.7071068 0.1464462 -0.3535533 -0.9238795 -2.49912e-7 -0.3826832 0.9238795 -4.88331e-7 -0.7071065 0.7071068 -5.18133e-7 -0.9238792 0.3826834 -6.0754e-7 -0.9999997 0 -5.18133e-7 -0.9238792 -0.3826835 -4.88331e-7 -0.7071065 -0.7071068 -3.39319e-7 -0.3826832 -0.9238795 -0.1464468 -0.3535532 0.9238795 -0.2705984 -0.653281 0.7071068 -0.3535538 -0.8535529 0.3826834 -0.3826839 -0.923879 0 -0.3535538 -0.8535529 -0.3826835 -0.2705984 -0.653281 -0.7071068 -0.1464468 -0.3535531 -0.9238795 -0.2705981 -0.2705978 0.9238795 -0.5000001 -0.4999995 0.7071068 -0.6532817 -0.6532809 0.3826834 -0.707107 -0.7071061 0 -0.6532817 -0.6532809 -0.3826835 -0.5000001 -0.4999995 -0.7071068 -0.2705982 -0.2705978 -0.9238795 -0.3535534 -0.1464464 0.9238795 -0.6532814 -0.2705975 0.7071068 -0.8535533 -0.3535528 0.3826834 -0.9238795 -0.3826827 0 -0.8535533 -0.3535528 -0.3826835 -0.6532814 -0.2705975 -0.7071068 -0.3535534 -0.1464463 -0.9238795
Normals
342
-0.4030885 0 -0.9151586 -0.718833 0 -0.6951506 -0.6641133 0.2750939 -0.6951506 -0.9272744 0 -0.37434 -0.8566851 0.3548387 -0.37434 -1 0 0 -0.9238563 0.3826716 0 -0.9272744 0 0.37434 -0.8566851 0.3548387 0.37434 -0.718833 0 0.6951506 -0.6641133 0.2750939 0.6951506 -0.4030885 0 0.9151586 -0.3723868 0.1542405 0.9151586 -0.3723868 0.1542405 -0.9151586 -0.5082858 0.5082858 -0.6951506 -0.6556597 0.6556597 -0.37434 -0.7070834 0.7070834 0 -0.6556597 0.6556597 0.37434 -0.5082858 0.5082858 0.6951506 -0.2850124 0.2850124 0.9151586 -0.2850124 0.2850124 -0.9151586 -0.2750939 0.6641133 -0.6951506 -0.3548387 0.8566851 -0.37434 -0.3826716 0.9238563 0 -0.3548387 0.8566851 0.37434 -0.2750939 0.6641133 0.6951506 -0.1542405 0.3723868 0.9151586 -0.1542405 0.3723868 -0.9151586 0 0.718833 -0.6951506 0 0.9272744 -0.37434 0 1 0 0 0.9272744 0.37434 0 0.718833 0.6951506 0 0.4030885 0.9151586 0 0.4030885 -0.9151586 0.2750939 0.6641133 -0.6951506 0.3548387 0.8566851 -0.37434 0.3826716 0.9238563 0 0.3548387 0.8566851 0.37434 0.2750939 0.6641133 0.6951506 0.1542405 0.3723868 0.9151586 0.1542405 0.3723868 -0.9151586 0.5082858 0.5082858 -0.6951506 0.6556597 0.6556597 -0.37434 0.7070834 0.7070834 0 0.6556597 0.6556597 0.37434 0.5082858 0.5082858 0.6951506 0.2850124 0.2850124 0.9151586 0.6641133 0.2750939 -0.6951506 0.3723868 0.1542405 -0.9151586 0.8566851 0.3548387 -0.37434 0.9238563 0.3826716 0 0.8566851 0.3548387 0.37434 0.6641133 0.2750939 0.6951506 0.3723868 0.1542405 0.9151586 0.718833 0 -0.6951506 0.4030885 0 -0.9151586 0.9272744 0 -0.37434 1 0 0 0.9272744 0 0.37434 0.718833 0 0.6951506 0.4030885 0 0.9151586 0.6641133 -0.2750939 -0.6951506 0.3723868 -0.1542405 -0.9151586 0.8566851 -0.3548387 -0.37434 0.9238563 -0.3826716 0 0.8566851 -0.3548387 0.37434 0.6641133 -0.2750939 0.6951506 0.3723868 -0.1542405 0.9151586 0.5082858 -0.5082858 -0.6951506 0.6556597 -0.6556597 -0.37434 0.7070834 -0.7070834 0 0.6556597 -0.6556597 0.37434 0.5082858 -0.5082858 0.6951506 0.2850124 -0.2850124 0.9151586 0.2750939 -0.6641133 -0.6951506 0.1542405 -0.3723868 -0.9151586 0.3548387 -0.8566851 -0.37434 0.3826716 -0.9238563 0 0.3548387 -0.8566851 0.37434 0.2750939 -0.6641133 0.6951506 0.1542405 -0.3723868 0.9151586 0 -0.718833 -0.6951506 0 -0.4030885 -0.9151586 0 -0.9272744 -0.37434 0 -1 0 0 -0.9272744 0.37434 0 -0.718833 0.6951506 0 -0.4030885 0.9151586 -0.2750939 -0.6641133 -0.6951506 -0.3548387 -0.8566851 -0.37434 -0.3826716 -0.9238563 0 -0.3548387 -0.8566851 0.37434 -0.2750939 -0.6641133 0.6951506 -0.1542405 -0.3723868 0.9151586 -0.1542405 -0.3723868 -0.9151586 -0.5082858 -0.5082858 -0.6951506 -0.6556597 -0.6556597 -0.37434 -0.7070834 -0.7070834 0 -0.6556597 -0.6556597 0.37434 -0.5082858 -0.5082858 0.6951506 -0.2850124 -0.2850124 0.9151586 -0.2850124 -0.2850124 -0.9151586 -0.6641133 -0.2750939 -0.6951506 -0.8566851 -0.3548387 -0.37434 -0.9238563 -0.3826716 0 -0.8566851 -0.3548387 0.37434 -0.6641133 -0.2750939 0.6951506 -0.3723868 -0.1542405 0.9151586 0 0 -1 0 0 1 0.2850124 0.2850124 -0.9151586 0.2850124 -0.2850124 -0.9151586 -0.3723868 -0.1542405 -0.9151586
Structure
1344
6 0 5 1 13 2 4 3 12 4 13 2 3 5 11 6 12 4 2 7 10 8 11 6 1 9 9 10 10 8 0 11 8 12 9 10 14 13 13 2 20 14 12 4 19 15 20 14 11 6 18 16 19 15 10 8 17 17 18 16 9 10 16 18 17 17 8 12 15 19 16 18 21 20 20 14 27 21 19 15 26 22 27 21 18 16 25 23 26 22 17 17 24 24 25 23 16 18 23 25 24 24 15 19 22 26 23 25 28 27 27 21 34 28 26 22 33 29 34 28 26 22 25 23 32 30 24 24 31 31 32 30 24 24 23 25 30 32 22 26 29 33 30 32 35 34 34 28 42 35 33 29 41 36 42 35 33 29 32 30 40 37 31 31 39 38 40 37 30 32 38 39 39 38 29 33 37 40 38 39 43 41 42 35 49 42 41 36 48 43 49 42 40 37 47 44 48 43 39 38 46 45 47 44 38 39 45 46 46 45 38 39 37 40 44 47 49 42 56 48 57 49 49 42 48 43 55 50 47 44 54 51 55 50 46 45 53 52 54 51 45 46 52 53 53 52 45 46 44 47 51 54 56 48 63 55 64 56 56 48 55 50 62 57 54 51 61 58 62 57 53 52 60 59 61 58 52 53 59 60 60 59 52 53 51 54 58 61 63 55 70 62 71 63 63 55 62 57 69 64 61 58 68 65 69 64 60 59 67 66 68 65 59 60 66 67 67 66 59 60 58 61 65 68 71 63 70 62 77 69 70 62 69 64 76 70 69 64 68 65 75 71 67 66 74 72 75 71 66 67 73 73 74 72 66 67 65 68 72 74 77 69 84 75 85 76 77 69 76 70 83 77 75 71 82 78 83 77 75 71 74 72 81 79 73 73 80 80 81 79 73 73 72 74 79 81 84 75 91 82 92 83 84 75 83 77 90 84 82 78 89 85 90 84 82 78 81 79 88 86 80 80 87 87 88 86 80 80 79 81 86 88 92 83 91 82 98 89 91 82 90 84 97 90 89 85 96 91 97 90 89 85 88 86 95 92 87 87 94 93 95 92 87 87 86 88 93 94 99 95 98 89 105 96 98 89 97 90 104 97 96 91 103 98 104 97 96 91 95 92 102 99 94 93 101 100 102 99 94 93 93 94 100 101 106 102 105 96 112 103 105 96 104 97 111 104 103 98 110 105 111 104 103 98 102 99 109 106 101 100 108 107 109 106 101 100 100 101 107 108 7 109 6 0 14 13 0 11 36 110 8 12 7 109 14 13 21 20 8 12 36 110 15 19 7 109 21 20 28 27 15 19 36 110 22 26 7 109 28 27 35 34 22 26 36 110 29 33 7 109 35 34 43 41 29 33 36 110 37 40 7 109 43 41 50 111 37 40 36 110 44 47 7 109 50 111 57 49 44 47 36 110 51 54 7 109 57 49 64 56 51 54 36 110 58 61 7 109 64 56 71 63 58 61 36 110 65 68 7 109 71 63 78 112 65 68 36 110 72 74 7 109 78 112 85 76 72 74 36 110 79 81 7 109 85 76 92 83 79 81 36 110 86 88 7 109 92 83 99 95 86 88 36 110 93 94 7 109 99 95 106 102 93 94 36 110 100 101 7 109 106 102 113 113 100 101 36 110 107 108 7 109 113 113 6 0 112 103 5 1 6 0 111 104 4 3 5 1 110 105 3 5 4 3 110 105 109 106 2 7 109 106 108 107 1 9 108 107 107 108 0 11 107 108 36 110 0 11 14 13 6 0 13 2 5 1 4 3 13 2 4 3 3 5 12 4 3 5 2 7 11 6 2 7 1 9 10 8 1 9 0 11 9 10 21 20 14 13 20 14 13 2 12 4 20 14 12 4 11 6 19 15 11 6 10 8 18 16 10 8 9 10 17 17 9 10 8 12 16 18 28 27 21 20 27 21 20 14 19 15 27 21 19 15 18 16 26 22 18 16 17 17 25 23 17 17 16 18 24 24 16 18 15 19 23 25 35 34 28 27 34 28 27 21 26 22 34 28 33 29 26 22 32 30 25 23 24 24 32 30 31 31 24 24 30 32 23 25 22 26 30 32 43 41 35 34 42 35 34 28 33 29 42 35 41 36 33 29 40 37 32 30 31 31 40 37 31 31 30 32 39 38 30 32 29 33 38 39 50 111 43 41 49 42 42 35 41 36 49 42 41 36 40 37 48 43 40 37 39 38 47 44 39 38 38 39 46 45 45 46 38 39 44 47 50 111 49 42 57 49 56 48 49 42 55 50 48 43 47 44 55 50 47 44 46 45 54 51 46 45 45 46 53 52 52 53 45 46 51 54 57 49 56 48 64 56 63 55 56 48 62 57 55 50 54 51 62 57 54 51 53 52 61 58 53 52 52 53 60 59 59 60 52 53 58 61 64 56 63 55 71 63 70 62 63 55 69 64 62 57 61 58 69 64 61 58 60 59 68 65 60 59 59 60 67 66 66 67 59 60 65 68 78 112 71 63 77 69 77 69 70 62 76 70 76 70 69 64 75 71 68 65 67 66 75 71 67 66 66 67 74 72 73 73 66 67 72 74 78 112 77 69 85 76 84 75 77 69 83 77 76 70 75 71 83 77 82 78 75 71 81 79 74 72 73 73 81 79 80 80 73 73 79 81 85 76 84 75 92 83 91 82 84 75 90 84 83 77 82 78 90 84 89 85 82 78 88 86 81 79 80 80 88 86 87 87 80 80 86 88 99 95 92 83 98 89 98 89 91 82 97 90 90 84 89 85 97 90 96 91 89 85 95 92 88 86 87 87 95 92 94 93 87 87 93 94 106 102 99 95 105 96 105 96 98 89 104 97 97 90 96 91 104 97 103 98 96 91 102 99 95 92 94 93 102 99 101 100 94 93 100 101 113 113 106 102 112 103 112 103 105 96 111 104 104 97 103 98 111 104 110 105 103 98 109 106 102 99 101 100 109 106 108 107 101 100 107 108 113 113 112 103 6 0 112 103 111 104 5 1 111 104 110 105 4 3 3 5 110 105 2 7 2 7 109 106 1 9 1 9 108 107 0 11
Transform
1 0 0 0 0 1 0 0 0 0 1 0 0 0 0 1
Shaders
2
18 gldraw_vertex.glsl 0x8B31 20 gldraw_fragment.glsl 0x8B30
Object
Vertices
24
1 1 -1 1 -1 -1 -1 -1 -1 -1 1 -1 1 1 1 1 -1 1 -1 -1 1 -1 1 1
Normals
36
0 0 -1 0 0 1 1 0 0 0 -1 0 -1 0 0 0 1 0 0 0 -1 0 0 1 1 0 0 0 -1 0 -1 0 0 0 1 0
Structure
72
0 0 1 0 2 0 7 1 6 1 5 1 4 2 5 2 1 2 5 3 6 3 2 3 2 4 6 4 7 4 0 5 3 5 7 5 3 6 0 6 2 6 4 7 7 7 5 7 0 8 4 8 1 8 1 9 5 9 2 9 3 10 2 10 7 10 4 11 0 11 7 11
Transform
0.5 0 0 0 0 0.5 0 0 0 0 0.5 0 0 0 0 1
Shaders
2
18 gldraw_vertex.glsl 0x8B31 20 gldraw_fragment.glsl 0x8B30
