Camera
Perspective
45 1.3333 0.1 100
Transform
0.6858805 -0.3173701 0.6548619 7.481132 0.7276338 0.3124686 -0.6106656 -6.50764 -0.01081678 0.8953432 0.4452454 5.343665 0 0 0 1
Lamp
Transform
-0.2908646 -0.7711008 0.5663932 4.076245 0.9551712 -0.1998834 0.2183912 1.005454 -0.05518906 0.6045247 0.7946723 5.903862 0 0 0 1
Objects
1
Object
Vertices
24
1 1 -1 1 -1 -1 -1 -1 -1 -1 1 -1 1 1 1 1 -1 1 -1 -1 1 -1 1 1
Normals
36
0 0 -1 0 0 1 1 0 0 0 -1 0 -1 0 0 0 1 0 0 0 -1 0 0 1 1 0 0 0 -1 0 -1 0 0 0 1 0
Structure
72
0 0 1 0 2 0 7 1 6 1 5 1 4 2 5 2 1 2 5 3 6 3 2 3 2 4 6 4 7 4 0 5 3 5 7 5 3 6 0 6 2 6 4 7 7 7 5 7 0 8 4 8 1 8 1 9 5 9 2 9 3 10 2 10 7 10 4 11 0 11 7 11
Transform
1 0 0 0 0 1 0 0 0 0 1 0 0 0 0 1
Shaders
2
18 gldraw_vertex.glsl 0x8B31 20 gldraw_fragment.glsl 0x8B30
